d_model: 492
dropout: 0.15518646167432956
ff_hidden: 2048
lr: 0.0009202723927855201
max_seq_len: 128
num_epochs: 20
num_layers: 12
use_experimental: true
vocab_size: 50258
weight_decay: 0.0013000932410087518
