d_model: 512
dropout: 0.23233524875951378
ff_hidden: 2048
lr: 0.00015757564166491513
max_seq_len: 128
num_epochs: 20
num_layers: 12
use_experimental: false
vocab_size: 50258
weight_decay: 0.0007917813896496358
