d_model: 512
dropout: 0.2596684146772879
ff_hidden: 2048
lr: 0.0003716211152196096
max_seq_len: 128
num_epochs: 20
num_layers: 12
use_experimental: false
vocab_size: 50258
weight_decay: 0.0025064087969390485
