d_model: 492
dropout: 0.2790402861310408
ff_hidden: 2048
lr: 0.0005320214438374331
max_seq_len: 128
num_epochs: 20
num_layers: 12
use_experimental: true
vocab_size: 50258
weight_decay: 0.02214426790539959
