d_model: 492
dropout: 0.12041030326193097
ff_hidden: 2048
lr: 0.0002920955681963421
max_seq_len: 128
num_epochs: 20
num_layers: 12
use_experimental: true
vocab_size: 50258
weight_decay: 0.0004967101229218333
