d_model: 512
dropout: 0.2681438000810327
ff_hidden: 2048
lr: 0.0002561240481269005
max_seq_len: 128
num_epochs: 20
num_layers: 12
use_experimental: false
vocab_size: 50258
weight_decay: 0.0013001099290199053
