d_model: 512
dropout: 0.19351201645776495
ff_hidden: 2048
lr: 4.41200020956894e-05
max_seq_len: 128
num_epochs: 20
num_layers: 12
use_experimental: false
vocab_size: 50258
weight_decay: 0.008772104893249427
