d_model: 492
dropout: 0.2230991941639069
ff_hidden: 2048
lr: 0.0004777888470075819
max_seq_len: 128
num_epochs: 20
num_layers: 12
use_experimental: true
vocab_size: 50258
weight_decay: 0.0037778992744465544
