d_model: 492
dropout: 0.2305630416039817
ff_hidden: 2048
lr: 0.0008532365328192224
max_seq_len: 128
num_epochs: 20
num_layers: 12
use_experimental: true
vocab_size: 50258
weight_decay: 0.005460567320476697
