d_model: 492
dropout: 0.19619574637272702
ff_hidden: 2048
lr: 0.0004481438885583327
max_seq_len: 128
num_epochs: 20
num_layers: 12
use_experimental: true
vocab_size: 50258
weight_decay: 0.0007517543981675069
