d_model: 512
dropout: 0.1920685234926695
ff_hidden: 2048
lr: 4.6516385490037765e-05
max_seq_len: 128
num_epochs: 20
num_layers: 12
use_experimental: false
vocab_size: 50258
weight_decay: 0.00010221161271735133
