d_model: 492
dropout: 0.165452153913914
ff_hidden: 2048
lr: 0.00014618864316914485
max_seq_len: 128
num_epochs: 20
num_layers: 12
use_experimental: true
vocab_size: 50258
weight_decay: 0.0020490462475890535
