d_model: 512
dropout: 0.16774121235201794
ff_hidden: 2048
lr: 9.973355610404804e-05
max_seq_len: 128
num_epochs: 20
num_layers: 12
use_experimental: false
vocab_size: 50258
weight_decay: 0.0001667991147879525
