d_model: 512
dropout: 0.2779370607076689
ff_hidden: 2048
lr: 0.00018990591567160305
max_seq_len: 128
num_epochs: 20
num_layers: 12
use_experimental: false
vocab_size: 50258
weight_decay: 0.00303911506219529
