d_model: 512
dropout: 0.2984832574590313
ff_hidden: 2048
lr: 0.00029710972740439485
max_seq_len: 128
num_epochs: 20
num_layers: 12
use_experimental: false
vocab_size: 50258
weight_decay: 0.0657766355876587
