d_model: 512
dropout: 0.22469073201004958
ff_hidden: 2048
lr: 0.0009924764965402943
max_seq_len: 128
num_epochs: 20
num_layers: 12
use_experimental: false
vocab_size: 50258
weight_decay: 0.001685209516630782
