d_model: 492
dropout: 0.1806100013461489
ff_hidden: 2048
lr: 0.00023784985839243316
max_seq_len: 128
num_epochs: 20
num_layers: 12
use_experimental: true
vocab_size: 50258
weight_decay: 0.0022417709584830847
