d_model: 512
dropout: 0.23574095636369943
ff_hidden: 2048
lr: 0.00013065854816901465
max_seq_len: 128
num_epochs: 20
num_layers: 12
use_experimental: false
vocab_size: 50258
weight_decay: 0.02580511711780901
