d_model: 512
dropout: 0.25962676698964005
ff_hidden: 2048
lr: 0.00023727849636620923
max_seq_len: 128
num_epochs: 20
num_layers: 12
use_experimental: false
vocab_size: 50258
weight_decay: 0.0013699470487522336
