d_model: 512
dropout: 0.2781084160722156
ff_hidden: 2048
lr: 0.0006321497750606832
max_seq_len: 128
num_epochs: 20
num_layers: 12
use_experimental: false
vocab_size: 50258
weight_decay: 0.00034653504822367617
