d_model: 512
dropout: 0.2516495841215686
ff_hidden: 2048
lr: 0.00012334119553624164
max_seq_len: 128
num_epochs: 20
num_layers: 12
use_experimental: false
vocab_size: 50258
weight_decay: 0.015806793627957165
