d_model: 512
dropout: 0.2867253986316642
ff_hidden: 2048
lr: 0.0002604723871034032
max_seq_len: 128
num_epochs: 20
num_layers: 12
use_experimental: false
vocab_size: 50258
weight_decay: 0.025134891948866898
