d_model: 512
dropout: 0.1042054766454128
ff_hidden: 2048
lr: 1.2032364289143455e-05
max_seq_len: 128
num_epochs: 20
num_layers: 12
use_experimental: false
vocab_size: 50258
weight_decay: 0.009151516189640366
