d_model: 512
dropout: 0.14156166205367884
ff_hidden: 2048
lr: 0.0005479942869234931
max_seq_len: 128
num_epochs: 20
num_layers: 12
use_experimental: false
vocab_size: 50258
weight_decay: 0.011767641111107697
