d_model: 512
dropout: 0.21479637574127003
ff_hidden: 2048
lr: 0.0004961784240523317
max_seq_len: 128
num_epochs: 20
num_layers: 12
use_experimental: false
vocab_size: 50258
weight_decay: 0.0003272442593452433
