d_model: 492
dropout: 0.1695626786397183
ff_hidden: 2048
lr: 0.0002481948026795471
max_seq_len: 128
num_epochs: 20
num_layers: 12
use_experimental: true
vocab_size: 50258
weight_decay: 0.0013073512727616423
