d_model: 492
dropout: 0.14343977835953547
ff_hidden: 2048
lr: 0.00010834867554670865
max_seq_len: 128
num_epochs: 20
num_layers: 12
use_experimental: true
vocab_size: 50258
weight_decay: 0.005804639218195373
