d_model: 512
dropout: 0.2524528410031661
ff_hidden: 2048
lr: 0.00020248602247246764
max_seq_len: 128
num_epochs: 20
num_layers: 12
use_experimental: false
vocab_size: 50258
weight_decay: 0.001533417026621145
